1,0,0,0,0,1,0,0,0,0,1,0,9,0,3,1|
0.961057,0,-0.276356,0,0,1,0,0,0.276356,0,0.961057,0,6.29205,0,3.85032,1|
0.998204,0,-0.0599638,0,0,1,0,0,0.0599638,0,0.998204,0,7.39419,0,3.23238,1|
0.999805,0,0.0199991,0,0,1,0,0,-0.0199991,0,0.999805,0,5.87976,0,2.86498,1|
0.971345,0,-0.237704,0,0,1,0,0,0.237704,0,0.971345,0,6.89806,0,2.67339,1|
