0.0707375,0,-0.997497,0,0,1,0,0,0.997497,0,0.0707375,0,1,0,3,1|
0.228754,0,-0.973488,0,0,1,0,0,0.973488,0,0.228754,0,2.02449,0,3.38193,1|
-0.148651,0,-0.988894,0,0,1,0,0,0.988894,0,-0.148651,0,3.48805,0,3.16192,1|
0.0906721,0,-0.995886,0,0,1,0,0,0.995886,0,0.0906721,0,2.23523,0,2.90393,1|
